javac -classpath .:../lu-decomposition TankExample2.java
java -classpath .:../lu-decomposition TankExample2
0.000000   9.000000 0.600000  
0.000010   9.153153 0.768685  
0.000020   9.168350 0.935694  
0.000030   9.183396 1.099681  
0.000040   9.198169 1.260702  
0.000050   9.212676 1.418809  
0.000060   9.226920 1.574055  
0.000070   9.240906 1.726493  
0.000080   9.254639 1.876174  
0.000090   9.268124 2.023146  
0.000100   9.281364 2.167459  
0.000110   9.294366 2.309162  
0.000120   9.307132 2.448301  
0.000130   9.319667 2.584922  
0.000140   9.331975 2.719072  
0.000150   9.344061 2.850795  
0.000160   9.355927 2.980135  
0.000170   9.367580 3.107135  
0.000180   9.379021 3.231837  
0.000190   9.390256 3.354284  
0.000200   9.401287 3.474515  
0.000210   9.412118 3.592571  
0.000220   9.422754 3.708491  
0.000230   9.433197 3.822313  
0.000240   9.443452 3.934077  
0.000250   9.453520 4.043819  
0.000260   9.463407 4.151575  
0.000270   9.473115 4.257382  
0.000280   9.482647 4.361275  
0.000290   9.492007 4.463288  
0.000300   9.501197 4.563455  
0.000310   9.510221 4.661810  
0.000320   9.519082 4.758386  
0.000330   9.527783 4.853215  
0.000340   9.536326 4.946328  
0.000350   9.544714 5.037757  
0.000360   9.552951 5.127531  
0.000370   9.561039 5.215682  
0.000380   9.568980 5.302237  
0.000390   9.576778 5.387227  
0.000400   9.584435 5.470679  
0.000410   9.591953 5.552621  
0.000420   9.599335 5.633081  
0.000430   9.606584 5.712085  
0.000440   9.613701 5.789660  
0.000450   9.620690 5.865831  
0.000460   9.627552 5.940625  
0.000470   9.634290 6.014065  
0.000480   9.640907 6.086176  
0.000490   9.647403 6.156983  
0.000500   9.653782 6.226509  
0.000510   9.660046 6.294777  
0.000520   9.666196 6.361810  
0.000530   9.672235 6.427631  
0.000540   9.678165 6.492260  
0.000550   9.683987 6.555721  
0.000560   9.689705 6.618033  
0.000570   9.695318 6.679218  
0.000580   9.700830 6.739296  
0.000590   9.706243 6.798287  
0.000600   9.711557 6.856211  
0.000610   9.716776 6.913087  
0.000620   9.721900 6.968933  
0.000630   9.726931 7.023770  
0.000640   9.731871 7.077615  
0.000650   9.736722 7.130485  
0.000660   9.741485 7.182399  
0.000670   9.746162 7.233373  
0.000680   9.750754 7.283426  
0.000690   9.755264 7.332573  
0.000700   9.759691 7.380831  
0.000710   9.764039 7.428215  
0.000720   9.768308 7.474743  
0.000730   9.772499 7.520428  
0.000740   9.776615 7.565288  
0.000750   9.780657 7.609335  
0.000760   9.784625 7.652586  
0.000770   9.788521 7.695054  
0.000780   9.792347 7.736754  
0.000790   9.796104 7.777700  
0.000800   9.799793 7.817905  
0.000810   9.803415 7.857382  
0.000820   9.806971 7.896145  
0.000830   9.810464 7.934207  
0.000840   9.813893 7.971580  
0.000850   9.817259 8.008278  
0.000860   9.820566 8.044311  
0.000870   9.823812 8.079692  
0.000880   9.826999 8.114433  
0.000890   9.830129 8.148546  
0.000900   9.833202 8.182042  
0.000910   9.836220 8.214931  
0.000920   9.839183 8.247226  
0.000930   9.842092 8.278936  
0.000940   9.844949 8.310073  
0.000950   9.847754 8.340646  
0.000960   9.850509 8.370666  
0.000970   9.853213 8.400144  
0.000980   9.855869 8.429087  
0.000990   9.858476 8.457508  
0.001000   9.861037 8.485414  
0.001010   9.863551 8.512815  
0.001020   9.866019 8.539720  
0.001030   9.868443 8.566139  
0.001040   9.870823 8.592080  
0.001050   9.873160 8.617551  
0.001060   9.875455 8.642562  
0.001070   9.877708 8.667120  
0.001080   9.879921 8.691233  
0.001090   9.882093 8.714911  
0.001100   9.884226 8.738160  
0.001110   9.886321 8.760989  
0.001120   9.888377 8.783404  
0.001130   9.890397 8.805414  
0.001140   9.892380 8.827026  
0.001150   9.894327 8.848247  
0.001160   9.896238 8.869084  
0.001170   9.898116 8.889544  
0.001180   9.899959 8.909634  
0.001190   9.901769 8.929360  
0.001200   9.903546 8.948730  
0.001210   9.905291 8.967749  
0.001220   9.907004 8.986424  
0.001230   9.908687 9.004761  
0.001240   9.910339 9.022766  
0.001250   9.911961 9.040446  
0.001260   9.913554 9.057806  
0.001270   9.915118 9.074851  
0.001280   9.916653 9.091589  
0.001290   9.918161 9.108023  
0.001300   9.919642 9.124161  
0.001310   9.921096 9.140006  
0.001320   9.922523 9.155564  
0.001330   9.923925 9.170841  
0.001340   9.925301 9.185842  
0.001350   9.926652 9.200572  
0.001360   9.927979 9.215034  
0.001370   9.929282 9.229236  
0.001380   9.930562 9.243180  
0.001390   9.931818 9.256872  
0.001400   9.933052 9.270316  
0.001410   9.934263 9.283517  
0.001420   9.935452 9.296480  
0.001430   9.936620 9.309207  
0.001440   9.937766 9.321705  
0.001450   9.938892 9.333976  
0.001460   9.939998 9.346026  
0.001470   9.941083 9.357857  
0.001480   9.942149 9.369474  
0.001490   9.943196 9.380881  
0.001500   9.944224 9.392082  
0.001510   9.945233 9.403080  
0.001520   9.946223 9.413880  
0.001530   9.947196 9.424483  
0.001540   9.948152 9.434895  
0.001550   9.949090 9.445119  
0.001560   9.950011 9.455158  
0.001570   9.950915 9.465015  
0.001580   9.951803 9.474693  
0.001590   9.952675 9.484197  
0.001600   9.953531 9.493529  
0.001610   9.954372 9.502691  
0.001620   9.955197 9.511688  
0.001630   9.956008 9.520523  
0.001640   9.956804 9.529197  
0.001650   9.957585 9.537715  
0.001660   9.958353 9.546078  
0.001670   9.959106 9.554290  
0.001680   9.959846 9.562354  
0.001690   9.960572 9.570272  
0.001700   9.961286 9.578046  
0.001710   9.961986 9.585680  
0.001720   9.962674 9.593175  
0.001730   9.963349 9.600535  
0.001740   9.964012 9.607762  
0.001750   9.964663 9.614859  
0.001760   9.965303 9.621826  
0.001770   9.965930 9.628668  
0.001780   9.966547 9.635386  
0.001790   9.967152 9.641982  
0.001800   9.967746 9.648460  
0.001810   9.968330 9.654819  
0.001820   9.968903 9.661064  
0.001830   9.969465 9.667196  
0.001840   9.970018 9.673217  
0.001850   9.970560 9.679129  
0.001860   9.971093 9.684934  
0.001870   9.971616 9.690634  
0.001880   9.972129 9.696231  
0.001890   9.972633 9.701727  
0.001900   9.973129 9.707123  
0.001910   9.973615 9.712421  
0.001920   9.974092 9.717624  
0.001930   9.974561 9.722733  
0.001940   9.975021 9.727749  
0.001950   9.975473 9.732674  
0.001960   9.975917 9.737511  
0.001970   9.976352 9.742260  
0.001980   9.976780 9.746922  
0.001990   9.977200 9.751501  
0.002000   9.977613 9.755997  
0.002010   9.978018 9.760411  
0.002020   9.978415 9.764746  
0.002030   9.978806 9.769002  
0.002040   9.979189 9.773181  
0.002050   9.979566 9.777284  
0.002060   9.979936 9.781314  
0.002070   9.980299 9.785270  
0.002080   9.980655 9.789155  
0.002090   9.981005 9.792969  
0.002100   9.981349 9.796715  
0.002110   9.981686 9.800393  
0.002120   9.982017 9.804004  
0.002130   9.982343 9.807550  
0.002140   9.982662 9.811031  
0.002150   9.982976 9.814450  
0.002160   9.983284 9.817807  
0.002170   9.983586 9.821103  
0.002180   9.983883 9.824340  
0.002190   9.984175 9.827518  
0.002200   9.984461 9.830638  
0.002210   9.984742 9.833702  
0.002220   9.985018 9.836711  
0.002230   9.985289 9.839665  
0.002240   9.985555 9.842565  
0.002250   9.985817 9.845414  
0.002260   9.986073 9.848210  
0.002270   9.986325 9.850957  
0.002280   9.986573 9.853653  
0.002290   9.986816 9.856301  
0.002300   9.987054 9.858900  
0.002310   9.987288 9.861453  
0.002320   9.987518 9.863960  
0.002330   9.987744 9.866421  
0.002340   9.987966 9.868837  
0.002350   9.988184 9.871210  
0.002360   9.988397 9.873540  
0.002370   9.988607 9.875828  
0.002380   9.988813 9.878075  
0.002390   9.989016 9.880280  
0.002400   9.989214 9.882446  
0.002410   9.989410 9.884573  
0.002420   9.989601 9.886661  
0.002430   9.989789 9.888712  
0.002440   9.989974 9.890725  
0.002450   9.990155 9.892702  
0.002460   9.990334 9.894643  
0.002470   9.990508 9.896549  
0.002480   9.990680 9.898421  
0.002490   9.990849 9.900259  
0.002500   9.991014 9.902063  
0.002510   9.991177 9.903835  
0.002520   9.991336 9.905575  
0.002530   9.991493 9.907283  
0.002540   9.991647 9.908960  
0.002550   9.991798 9.910607  
0.002560   9.991947 9.912225  
0.002570   9.992092 9.913813  
0.002580   9.992235 9.915372  
0.002590   9.992376 9.916903  
0.002600   9.992514 9.918406  
0.002610   9.992649 9.919882  
0.002620   9.992782 9.921332  
0.002630   9.992913 9.922755  
0.002640   9.993041 9.924153  
0.002650   9.993167 9.925525  
0.002660   9.993291 9.926872  
0.002670   9.993412 9.928195  
0.002680   9.993531 9.929494  
0.002690   9.993648 9.930770  
0.002700   9.993763 9.932022  
0.002710   9.993876 9.933252  
0.002720   9.993987 9.934460  
0.002730   9.994095 9.935645  
0.002740   9.994202 9.936810  
0.002750   9.994307 9.937953  
0.002760   9.994410 9.939075  
0.002770   9.994511 9.940178  
0.002780   9.994611 9.941260  
0.002790   9.994708 9.942323  
0.002800   9.994804 9.943366  
0.002810   9.994898 9.944391  
0.002820   9.994990 9.945397  
0.002830   9.995081 9.946385  
0.002840   9.995170 9.947355  
0.002850   9.995257 9.948307  
0.002860   9.995343 9.949242  
0.002870   9.995427 9.950160  
0.002880   9.995510 9.951062  
0.002890   9.995591 9.951947  
0.002900   9.995671 9.952817  
0.002910   9.995749 9.953670  
0.002920   9.995826 9.954509  
0.002930   9.995902 9.955332  
0.002940   9.995976 9.956140  
0.002950   9.996049 9.956933  
0.002960   9.996120 9.957712  
0.002970   9.996190 9.958477  
0.002980   9.996259 9.959229  
0.002990   9.996327 9.959966  
0.003000   9.996393 9.960691  
0.003010   9.996459 9.961402  
0.003020   9.996523 9.962100  
0.003030   9.996586 9.962786  
0.003040   9.996647 9.963459  
0.003050   9.996708 9.964120  
0.003060   9.996768 9.964769  
0.003070   9.996826 9.965407  
0.003080   9.996883 9.966032  
0.003090   9.996940 9.966647  
0.003100   9.996995 9.967250  
0.003110   9.997050 9.967843  
0.003120   9.997103 9.968425  
0.003130   9.997155 9.968996  
0.003140   9.997207 9.969557  
0.003150   9.997257 9.970107  
0.003160   9.997307 9.970648  
0.003170   9.997356 9.971179  
0.003180   9.997404 9.971701  
0.003190   9.997451 9.972213  
0.003200   9.997497 9.972715  
0.003210   9.997542 9.973209  
0.003220   9.997586 9.973694  
0.003230   9.997630 9.974170  
0.003240   9.997673 9.974637  
0.003250   9.997715 9.975096  
0.003260   9.997756 9.975546  
0.003270   9.997797 9.975989  
0.003280   9.997837 9.976423  
0.003290   9.997876 9.976850  
0.003300   9.997914 9.977269  
0.003310   9.997952 9.977680  
0.003320   9.997989 9.978084  
0.003330   9.998026 9.978480  
0.003340   9.998061 9.978869  
0.003350   9.998096 9.979252  
0.003360   9.998131 9.979627  
0.003370   9.998165 9.979996  
0.003380   9.998198 9.980358  
0.003390   9.998230 9.980713  
0.003400   9.998262 9.981062  
0.003410   9.998294 9.981404  
0.003420   9.998325 9.981741  
0.003430   9.998355 9.982071  
0.003440   9.998385 9.982396  
0.003450   9.998414 9.982714  
0.003460   9.998443 9.983027  
0.003470   9.998471 9.983334  
0.003480   9.998499 9.983635  
0.003490   9.998526 9.983931  
0.003500   9.998552 9.984222  
0.003510   9.998579 9.984508  
0.003520   9.998604 9.984788  
0.003530   9.998630 9.985063  
0.003540   9.998654 9.985333  
0.003550   9.998679 9.985599  
0.003560   9.998703 9.985859  
0.003570   9.998726 9.986115  
0.003580   9.998749 9.986366  
0.003590   9.998772 9.986613  
0.003600   9.998794 9.986855  
0.003610   9.998816 9.987093  
0.003620   9.998837 9.987326  
0.003630   9.998858 9.987556  
0.003640   9.998879 9.987781  
0.003650   9.998899 9.988002  
0.003660   9.998919 9.988219  
0.003670   9.998939 9.988432  
0.003680   9.998958 9.988641  
0.003690   9.998977 9.988847  
0.003700   9.998995 9.989049  
0.003710   9.999013 9.989247  
0.003720   9.999031 9.989441  
0.003730   9.999049 9.989632  
0.003740   9.999066 9.989820  
0.003750   9.999083 9.990004  
0.003760   9.999099 9.990185  
0.003770   9.999116 9.990362  
0.003780   9.999132 9.990537  
0.003790   9.999147 9.990708  
0.003800   9.999163 9.990876  
0.003810   9.999178 9.991041  
0.003820   9.999193 9.991203  
0.003830   9.999208 9.991362  
0.003840   9.999222 9.991519  
0.003850   9.999236 9.991672  
0.003860   9.999250 9.991823  
0.003870   9.999263 9.991971  
0.003880   9.999277 9.992116  
0.003890   9.999290 9.992259  
0.003900   9.999303 9.992399  
0.003910   9.999315 9.992536  
0.003920   9.999328 9.992671  
0.003930   9.999340 9.992804  
0.003940   9.999352 9.992934  
0.003950   9.999363 9.993062  
0.003960   9.999375 9.993187  
0.003970   9.999386 9.993311  
0.003980   9.999397 9.993432  
0.003990   9.999408 9.993550  
0.004000   9.999419 9.993667  
0.004010   9.999429 9.993782  
0.004020   9.999440 9.993894  
0.004030   9.999450 9.994005  
0.004040   9.999460 9.994113  
0.004050   9.999470 9.994220  
0.004060   9.999479 9.994324  
0.004070   9.999489 9.994427  
0.004080   9.999498 9.994528  
0.004090   9.999507 9.994627  
0.004100   9.999516 9.994724  
0.004110   9.999525 9.994819  
0.004120   9.999533 9.994913  
0.004130   9.999542 9.995005  
0.004140   9.999550 9.995096  
0.004150   9.999558 9.995184  
0.004160   9.999566 9.995271  
0.004170   9.999574 9.995357  
0.004180   9.999582 9.995441  
0.004190   9.999589 9.995523  
0.004200   9.999597 9.995604  
0.004210   9.999604 9.995684  
0.004220   9.999611 9.995762  
0.004230   9.999618 9.995839  
0.004240   9.999625 9.995914  
0.004250   9.999632 9.995988  
0.004260   9.999639 9.996060  
0.004270   9.999645 9.996132  
0.004280   9.999652 9.996202  
0.004290   9.999658 9.996270  
0.004300   9.999664 9.996338  
0.004310   9.999670 9.996404  
0.004320   9.999676 9.996469  
0.004330   9.999682 9.996533  
0.004340   9.999688 9.996596  
0.004350   9.999693 9.996657  
0.004360   9.999699 9.996718  
0.004370   9.999704 9.996777  
0.004380   9.999710 9.996836  
0.004390   9.999715 9.996893  
0.004400   9.999720 9.996949  
0.004410   9.999725 9.997004  
0.004420   9.999730 9.997058  
0.004430   9.999735 9.997112  
0.004440   9.999740 9.997164  
0.004450   9.999744 9.997215  
0.004460   9.999749 9.997266  
0.004470   9.999754 9.997315  
0.004480   9.999758 9.997364  
0.004490   9.999762 9.997411  
0.004500   9.999767 9.997458  
0.004510   9.999771 9.997504  
0.004520   9.999775 9.997549  
0.004530   9.999779 9.997594  
0.004540   9.999783 9.997637  
0.004550   9.999787 9.997680  
0.004560   9.999791 9.997722  
0.004570   9.999795 9.997763  
0.004580   9.999798 9.997804  
0.004590   9.999802 9.997843  
0.004600   9.999806 9.997882  
0.004610   9.999809 9.997921  
0.004620   9.999813 9.997958  
0.004630   9.999816 9.997995  
0.004640   9.999819 9.998031  
0.004650   9.999823 9.998067  
0.004660   9.999826 9.998102  
0.004670   9.999829 9.998136  
0.004680   9.999832 9.998170  
0.004690   9.999835 9.998203  
0.004700   9.999838 9.998236  
0.004710   9.999841 9.998268  
0.004720   9.999844 9.998299  
0.004730   9.999847 9.998330  
0.004740   9.999850 9.998360  
0.004750   9.999852 9.998390  
0.004760   9.999855 9.998419  
0.004770   9.999858 9.998447  
0.004780   9.999860 9.998475  
0.004790   9.999863 9.998503  
0.004800   9.999865 9.998530  
0.004810   9.999868 9.998557  
0.004820   9.999870 9.998583  
0.004830   9.999872 9.998608  
0.004840   9.999875 9.998634  
0.004850   9.999877 9.998658  
0.004860   9.999879 9.998683  
0.004870   9.999881 9.998706  
0.004880   9.999883 9.998730  
0.004890   9.999886 9.998753  
0.004900   9.999888 9.998775  
0.004910   9.999890 9.998798  
0.004920   9.999892 9.998819  
0.004930   9.999894 9.998841  
0.004940   9.999896 9.998862  
0.004950   9.999897 9.998882  
0.004960   9.999899 9.998902  
0.004970   9.999901 9.998922  
0.004980   9.999903 9.998942  
0.004990   9.999905 9.998961  
0.005000   9.999906 9.998980  
0.005010   9.999908 9.998998  
0.005020   9.999910 9.999016  
0.005030   9.999911 9.999034  
0.005040   9.999913 9.999052  
0.005050   9.999915 9.999069  
0.005060   9.999916 9.999086  
0.005070   9.999918 9.999102  
0.005080   9.999919 9.999118  
0.005090   9.999921 9.999134  
0.005100   9.999922 9.999150  
0.005110   9.999923 9.999165  
0.005120   9.999925 9.999180  
0.005130   9.999926 9.999195  
0.005140   9.999928 9.999210  
0.005150   9.999929 9.999224  
0.005160   9.999930 9.999238  
0.005170   9.999931 9.999252  
0.005180   9.999933 9.999266  
0.005190   9.999934 9.999279  
0.005200   9.999935 9.999292  
0.005210   9.999936 9.999305  
0.005220   9.999937 9.999317  
0.005230   9.999938 9.999330  
0.005240   9.999940 9.999342  
0.005250   9.999941 9.999354  
0.005260   9.999942 9.999365  
0.005270   9.999943 9.999377  
0.005280   9.999944 9.999388  
0.005290   9.999945 9.999399  
0.005300   9.999946 9.999410  
0.005310   9.999947 9.999421  
0.005320   9.999948 9.999431  
0.005330   9.999949 9.999441  
0.005340   9.999950 9.999452  
0.005350   9.999951 9.999461  
0.005360   9.999951 9.999471  
0.005370   9.999952 9.999481  
0.005380   9.999953 9.999490  
0.005390   9.999954 9.999499  
0.005400   9.999955 9.999508  
0.005410   9.999956 9.999517  
0.005420   9.999957 9.999526  
0.005430   9.999957 9.999535  
0.005440   9.999958 9.999543  
0.005450   9.999959 9.999551  
0.005460   9.999960 9.999559  
0.005470   9.999960 9.999567  
0.005480   9.999961 9.999575  
0.005490   9.999962 9.999583  
0.005500   9.999962 9.999591  
0.005510   9.999963 9.999598  
0.005520   9.999964 9.999605  
0.005530   9.999964 9.999612  
0.005540   9.999965 9.999619  
0.005550   9.999966 9.999626  
0.005560   9.999966 9.999633  
0.005570   9.999967 9.999640  
0.005580   9.999968 9.999646  
0.005590   9.999968 9.999653  
0.005600   9.999969 9.999659  
0.005610   9.999969 9.999665  
0.005620   9.999970 9.999671  
0.005630   9.999970 9.999677  
0.005640   9.999971 9.999683  
0.005650   9.999971 9.999689  
0.005660   9.999972 9.999694  
0.005670   9.999972 9.999700  
0.005680   9.999973 9.999705  
0.005690   9.999973 9.999711  
0.005700   9.999974 9.999716  
0.005710   9.999974 9.999721  
0.005720   9.999975 9.999726  
0.005730   9.999975 9.999731  
0.005740   9.999976 9.999736  
0.005750   9.999976 9.999741  
0.005760   9.999977 9.999745  
0.005770   9.999977 9.999750  
0.005780   9.999977 9.999754  
0.005790   9.999978 9.999759  
0.005800   9.999978 9.999763  
0.005810   9.999979 9.999767  
0.005820   9.999979 9.999772  
0.005830   9.999979 9.999776  
0.005840   9.999980 9.999780  
0.005850   9.999980 9.999784  
0.005860   9.999981 9.999788  
0.005870   9.999981 9.999792  
0.005880   9.999981 9.999795  
0.005890   9.999982 9.999799  
0.005900   9.999982 9.999803  
0.005910   9.999982 9.999806  
0.005920   9.999983 9.999810  
0.005930   9.999983 9.999813  
0.005940   9.999983 9.999817  
0.005950   9.999983 9.999820  
0.005960   9.999984 9.999823  
0.005970   9.999984 9.999826  
0.005980   9.999984 9.999830  
0.005990   9.999985 9.999833  
0.006000   9.999985 9.999836  
0.006010   9.999985 9.999839  
0.006020   9.999985 9.999842  
0.006030   9.999986 9.999844  
0.006040   9.999986 9.999847  
0.006050   9.999986 9.999850  
0.006060   9.999986 9.999853  
0.006070   9.999987 9.999855  
0.006080   9.999987 9.999858  
0.006090   9.999987 9.999861  
0.006100   9.999987 9.999863  
0.006110   9.999988 9.999866  
0.006120   9.999988 9.999868  
0.006130   9.999988 9.999870  
0.006140   9.999988 9.999873  
0.006150   9.999989 9.999875  
0.006160   9.999989 9.999877  
0.006170   9.999989 9.999879  
0.006180   9.999989 9.999882  
0.006190   9.999989 9.999884  
0.006200   9.999990 9.999886  
0.006210   9.999990 9.999888  
0.006220   9.999990 9.999890  
0.006230   9.999990 9.999892  
0.006240   9.999990 9.999894  
0.006250   9.999990 9.999896  
0.006260   9.999991 9.999898  
0.006270   9.999991 9.999900  
0.006280   9.999991 9.999901  
0.006290   9.999991 9.999903  
0.006300   9.999991 9.999905  
0.006310   9.999991 9.999907  
0.006320   9.999992 9.999908  
0.006330   9.999992 9.999910  
0.006340   9.999992 9.999912  
0.006350   9.999992 9.999913  
0.006360   9.999992 9.999915  
0.006370   9.999992 9.999916  
0.006380   9.999992 9.999918  
0.006390   9.999993 9.999919  
0.006400   9.999993 9.999921  
0.006410   9.999993 9.999922  
0.006420   9.999993 9.999924  
0.006430   9.999993 9.999925  
0.006440   9.999993 9.999926  
0.006450   9.999993 9.999928  
0.006460   9.999993 9.999929  
0.006470   9.999994 9.999930  
0.006480   9.999994 9.999932  
0.006490   9.999994 9.999933  
0.006500   9.999994 9.999934  
0.006510   9.999994 9.999935  
0.006520   9.999994 9.999936  
0.006530   9.999994 9.999938  
0.006540   9.999994 9.999939  
0.006550   9.999994 9.999940  
0.006560   9.999995 9.999941  
0.006570   9.999995 9.999942  
0.006580   9.999995 9.999943  
0.006590   9.999995 9.999944  
0.006600   9.999995 9.999945  
0.006610   9.999995 9.999946  
0.006620   9.999995 9.999947  
0.006630   9.999995 9.999948  
0.006640   9.999995 9.999949  
0.006650   9.999995 9.999950  
0.006660   9.999995 9.999951  
0.006670   9.999996 9.999952  
0.006680   9.999996 9.999953  
0.006690   9.999996 9.999953  
0.006700   9.999996 9.999954  
0.006710   9.999996 9.999955  
0.006720   9.999996 9.999956  
0.006730   9.999996 9.999957  
0.006740   9.999996 9.999957  
0.006750   9.999996 9.999958  
0.006760   9.999996 9.999959  
0.006770   9.999996 9.999960  
0.006780   9.999996 9.999960  
0.006790   9.999996 9.999961  
0.006800   9.999996 9.999962  
0.006810   9.999997 9.999963  
0.006820   9.999997 9.999963  
0.006830   9.999997 9.999964  
0.006840   9.999997 9.999965  
0.006850   9.999997 9.999965  
0.006860   9.999997 9.999966  
0.006870   9.999997 9.999966  
0.006880   9.999997 9.999967  
0.006890   9.999997 9.999968  
0.006900   9.999997 9.999968  
0.006910   9.999997 9.999969  
0.006920   9.999997 9.999969  
0.006930   9.999997 9.999970  
0.006940   9.999997 9.999970  
0.006950   9.999997 9.999971  
0.006960   9.999997 9.999972  
0.006970   9.999997 9.999972  
0.006980   9.999997 9.999973  
0.006990   9.999998 9.999973  
0.007000   9.999998 9.999974  
0.007010   9.999998 9.999974  
0.007020   9.999998 9.999974  
0.007030   9.999998 9.999975  
0.007040   9.999998 9.999975  
0.007050   9.999998 9.999976  
0.007060   9.999998 9.999976  
0.007070   9.999998 9.999977  
0.007080   9.999998 9.999977  
0.007090   9.999998 9.999978  
0.007100   9.999998 9.999978  
0.007110   9.999998 9.999978  
0.007120   9.999998 9.999979  
0.007130   9.999998 9.999979  
0.007140   9.999998 9.999979  
0.007150   9.999998 9.999980  
0.007160   9.999998 9.999980  
0.007170   9.999998 9.999981  
0.007180   9.999998 9.999981  
0.007190   9.999998 9.999981  
0.007200   9.999998 9.999982  
0.007210   9.999998 9.999982  
0.007220   9.999998 9.999982  
0.007230   9.999998 9.999983  
0.007240   9.999998 9.999983  
0.007250   9.999998 9.999983  
0.007260   9.999998 9.999984  
0.007270   9.999999 9.999984  
0.007280   9.999999 9.999984  
0.007290   9.999999 9.999984  
0.007300   9.999999 9.999985  
0.007310   9.999999 9.999985  
0.007320   9.999999 9.999985  
0.007330   9.999999 9.999986  
0.007340   9.999999 9.999986  
0.007350   9.999999 9.999986  
0.007360   9.999999 9.999986  
0.007370   9.999999 9.999987  
0.007380   9.999999 9.999987  
0.007390   9.999999 9.999987  
0.007400   9.999999 9.999987  
0.007410   9.999999 9.999987  
0.007420   9.999999 9.999988  
0.007430   9.999999 9.999988  
0.007440   9.999999 9.999988  
0.007450   9.999999 9.999988  
0.007460   9.999999 9.999989  
0.007470   9.999999 9.999989  
0.007480   9.999999 9.999989  
0.007490   9.999999 9.999989  
0.007500   9.999999 9.999989  
0.007510   9.999999 9.999990  
0.007520   9.999999 9.999990  
0.007530   9.999999 9.999990  
0.007540   9.999999 9.999990  
0.007550   9.999999 9.999990  
0.007560   9.999999 9.999990  
0.007570   9.999999 9.999991  
0.007580   9.999999 9.999991  
0.007590   9.999999 9.999991  
0.007600   9.999999 9.999991  
0.007610   9.999999 9.999991  
0.007620   9.999999 9.999991  
0.007630   9.999999 9.999992  
0.007640   9.999999 9.999992  
0.007650   9.999999 9.999992  
0.007660   9.999999 9.999992  
0.007670   9.999999 9.999992  
0.007680   9.999999 9.999992  
0.007690   9.999999 9.999992  
0.007700   9.999999 9.999993  
0.007710   9.999999 9.999993  
0.007720   9.999999 9.999993  
0.007730   9.999999 9.999993  
0.007740   9.999999 9.999993  
0.007750   9.999999 9.999993  
0.007760   9.999999 9.999993  
0.007770   9.999999 9.999994  
0.007780   9.999999 9.999994  
0.007790   9.999999 9.999994  
0.007800   9.999999 9.999994  
0.007810   9.999999 9.999994  
0.007820   9.999999 9.999994  
0.007830   9.999999 9.999994  
0.007840   9.999999 9.999994  
0.007850   9.999999 9.999994  
0.007860   9.999999 9.999994  
0.007870   10.000000 9.999995  
0.007880   10.000000 9.999995  
0.007890   10.000000 9.999995  
0.007900   10.000000 9.999995  
0.007910   10.000000 9.999995  
0.007920   10.000000 9.999995  
0.007930   10.000000 9.999995  
0.007940   10.000000 9.999995  
0.007950   10.000000 9.999995  
0.007960   10.000000 9.999995  
0.007970   10.000000 9.999995  
0.007980   10.000000 9.999996  
0.007990   10.000000 9.999996  
0.008000   10.000000 9.999996  
0.008010   10.000000 9.999996  
0.008020   10.000000 9.999996  
0.008030   10.000000 9.999996  
0.008040   10.000000 9.999996  
0.008050   10.000000 9.999996  
0.008060   10.000000 9.999996  
0.008070   10.000000 9.999996  
0.008080   10.000000 9.999996  
0.008090   10.000000 9.999996  
0.008100   10.000000 9.999996  
0.008110   10.000000 9.999997  
0.008120   10.000000 9.999997  
0.008130   10.000000 9.999997  
0.008140   10.000000 9.999997  
0.008150   10.000000 9.999997  
0.008160   10.000000 9.999997  
0.008170   10.000000 9.999997  
0.008180   10.000000 9.999997  
0.008190   10.000000 9.999997  
0.008200   10.000000 9.999997  
0.008210   10.000000 9.999997  
0.008220   10.000000 9.999997  
0.008230   10.000000 9.999997  
0.008240   10.000000 9.999997  
0.008250   10.000000 9.999997  
0.008260   10.000000 9.999997  
0.008270   10.000000 9.999997  
0.008280   10.000000 9.999997  
0.008290   10.000000 9.999997  
0.008300   10.000000 9.999998  
0.008310   10.000000 9.999998  
0.008320   10.000000 9.999998  
0.008330   10.000000 9.999998  
0.008340   10.000000 9.999998  
0.008350   10.000000 9.999998  
0.008360   10.000000 9.999998  
0.008370   10.000000 9.999998  
0.008380   10.000000 9.999998  
0.008390   10.000000 9.999998  
0.008400   10.000000 9.999998  
0.008410   10.000000 9.999998  
0.008420   10.000000 9.999998  
0.008430   10.000000 9.999998  
0.008440   10.000000 9.999998  
0.008450   10.000000 9.999998  
0.008460   10.000000 9.999998  
0.008470   10.000000 9.999998  
0.008480   10.000000 9.999998  
0.008490   10.000000 9.999998  
0.008500   10.000000 9.999998  
0.008510   10.000000 9.999998  
0.008520   10.000000 9.999998  
0.008530   10.000000 9.999998  
0.008540   10.000000 9.999998  
0.008550   10.000000 9.999998  
0.008560   10.000000 9.999998  
0.008570   10.000000 9.999998  
0.008580   10.000000 9.999999  
0.008590   10.000000 9.999999  
0.008600   10.000000 9.999999  
0.008610   10.000000 9.999999  
0.008620   10.000000 9.999999  
0.008630   10.000000 9.999999  
0.008640   10.000000 9.999999  
0.008650   10.000000 9.999999  
0.008660   10.000000 9.999999  
0.008670   10.000000 9.999999  
0.008680   10.000000 9.999999  
0.008690   10.000000 9.999999  
0.008700   10.000000 9.999999  
0.008710   10.000000 9.999999  
0.008720   10.000000 9.999999  
0.008730   10.000000 9.999999  
0.008740   10.000000 9.999999  
0.008750   10.000000 9.999999  
0.008760   10.000000 9.999999  
0.008770   10.000000 9.999999  
0.008780   10.000000 9.999999  
0.008790   10.000000 9.999999  
0.008800   10.000000 9.999999  
0.008810   10.000000 9.999999  
0.008820   10.000000 9.999999  
0.008830   10.000000 9.999999  
0.008840   10.000000 9.999999  
0.008850   10.000000 9.999999  
0.008860   10.000000 9.999999  
0.008870   10.000000 9.999999  
0.008880   10.000000 9.999999  
0.008890   10.000000 9.999999  
0.008900   10.000000 9.999999  
0.008910   10.000000 9.999999  
0.008920   10.000000 9.999999  
0.008930   10.000000 9.999999  
0.008940   10.000000 9.999999  
0.008950   10.000000 9.999999  
0.008960   10.000000 9.999999  
0.008970   10.000000 9.999999  
0.008980   10.000000 9.999999  
0.008990   10.000000 9.999999  
0.009000   10.000000 9.999999  
0.009010   10.000000 9.999999  
0.009020   10.000000 9.999999  
0.009030   10.000000 9.999999  
0.009040   10.000000 9.999999  
0.009050   10.000000 9.999999  
0.009060   10.000000 9.999999  
0.009070   10.000000 9.999999  
0.009080   10.000000 9.999999  
0.009090   10.000000 9.999999  
0.009100   10.000000 9.999999  
0.009110   10.000000 9.999999  
0.009120   10.000000 9.999999  
0.009130   10.000000 9.999999  
0.009140   10.000000 9.999999  
0.009150   10.000000 9.999999  
0.009160   10.000000 9.999999  
0.009170   10.000000 9.999999  
0.009180   10.000000 10.000000  
0.009190   10.000000 10.000000  
0.009200   10.000000 10.000000  
0.009210   10.000000 10.000000  
0.009220   10.000000 10.000000  
0.009230   10.000000 10.000000  
0.009240   10.000000 10.000000  
0.009250   10.000000 10.000000  
0.009260   10.000000 10.000000  
0.009270   10.000000 10.000000  
0.009280   10.000000 10.000000  
0.009290   10.000000 10.000000  
0.009300   10.000000 10.000000  
0.009310   10.000000 10.000000  
0.009320   10.000000 10.000000  
0.009330   10.000000 10.000000  
0.009340   10.000000 10.000000  
0.009350   10.000000 10.000000  
0.009360   10.000000 10.000000  
0.009370   10.000000 10.000000  
0.009380   10.000000 10.000000  
0.009390   10.000000 10.000000  
0.009400   10.000000 10.000000  
0.009410   10.000000 10.000000  
0.009420   10.000000 10.000000  
0.009430   10.000000 10.000000  
0.009440   10.000000 10.000000  
0.009450   10.000000 10.000000  
0.009460   10.000000 10.000000  
0.009470   10.000000 10.000000  
0.009480   10.000000 10.000000  
0.009490   10.000000 10.000000  
0.009500   10.000000 10.000000  
0.009510   10.000000 10.000000  
0.009520   10.000000 10.000000  
0.009530   10.000000 10.000000  
0.009540   10.000000 10.000000  
0.009550   10.000000 10.000000  
0.009560   10.000000 10.000000  
0.009570   10.000000 10.000000  
0.009580   10.000000 10.000000  
0.009590   10.000000 10.000000  
0.009600   10.000000 10.000000  
0.009610   10.000000 10.000000  
0.009620   10.000000 10.000000  
0.009630   10.000000 10.000000  
0.009640   10.000000 10.000000  
0.009650   10.000000 10.000000  
0.009660   10.000000 10.000000  
0.009670   10.000000 10.000000  
0.009680   10.000000 10.000000  
0.009690   10.000000 10.000000  
0.009700   10.000000 10.000000  
0.009710   10.000000 10.000000  
0.009720   10.000000 10.000000  
0.009730   10.000000 10.000000  
0.009740   10.000000 10.000000  
0.009750   10.000000 10.000000  
0.009760   10.000000 10.000000  
0.009770   10.000000 10.000000  
0.009780   10.000000 10.000000  
0.009790   10.000000 10.000000  
0.009800   10.000000 10.000000  
0.009810   10.000000 10.000000  
0.009820   10.000000 10.000000  
0.009830   10.000000 10.000000  
0.009840   10.000000 10.000000  
0.009850   10.000000 10.000000  
0.009860   10.000000 10.000000  
0.009870   10.000000 10.000000  
0.009880   10.000000 10.000000  
0.009890   10.000000 10.000000  
0.009900   10.000000 10.000000  
0.009910   10.000000 10.000000  
0.009920   10.000000 10.000000  
0.009930   10.000000 10.000000  
0.009940   10.000000 10.000000  
0.009950   10.000000 10.000000  
0.009960   10.000000 10.000000  
0.009970   10.000000 10.000000  
0.009980   10.000000 10.000000  
0.009990   10.000000 10.000000  
0.010000   10.000000 10.000000  
